uint16_t title1[] = {
		1,1,1,1,1,0,0,0,
		1,1,1,1,1,0,0,0,
		1,1,1,1,1,0,0,0,
		1,1,1,1,1,0,0,0,
		1,1,1,1,1,0,0,0,
		1,1,1,1,1,0,0,0,
		1,1,1,1,1,0,0,0,
		1,1,1,1,1,0,0,0
};

uint16_t title2[] = {
		0,0,0,0,1,1,1,1,
		0,0,0,0,1,1,1,1,
		0,0,0,0,1,1,1,1,
	    0,0,0,0,1,1,1,1,
		0,0,0,0,1,1,1,1,
		0,0,0,0,1,1,1,1,
		0,0,0,0,1,1,1,1,
		0,0,0,0,1,1,1,1
};

uint16_t title3[] = {
		1,0,0,0,0,1,1,1,
		1,0,0,0,0,1,1,1,
		1,0,0,0,0,1,1,1,
		1,0,0,0,0,1,1,1,
		1,0,0,0,0,1,1,1,
		1,0,0,0,0,1,1,1,
		1,0,0,0,0,1,1,1,
		1,0,0,0,0,1,1,1,
};

uint16_t title4[] = {
		1,1,0,0,0,1,1,1,
		1,1,0,0,0,1,1,1,
		1,1,0,0,0,1,1,1,
		1,1,0,0,0,1,1,1,
		1,1,0,0,0,1,1,1,
		1,1,0,0,0,1,1,1,
		1,1,0,0,0,1,1,1,
		1,1,0,0,0,1,1,1
};

uint16_t title5[] = {
		1,1,0,0,0,0,0,0,
		1,1,1,0,0,0,0,0,
		1,1,1,1,1,0,0,0,
		1,1,1,1,1,1,0,0,
		1,1,1,1,1,1,1,0,
		1,1,0,1,1,1,1,1,
		1,1,0,0,1,1,1,1,
		1,1,0,0,0,1,1,1
};

uint16_t title6[] = {
		1,1,1,1,1,0,0,0,
		1,1,1,1,1,0,0,0,
		1,1,1,1,1,0,0,0,
		1,1,1,1,1,0,0,0,
		1,1,1,1,1,0,0,0,
		1,1,1,1,1,0,0,0,
		1,1,1,1,1,0,0,0,
		1,1,1,1,1,0,0,0
};

uint16_t title7[] = {
		0,0,0,0,0,1,1,1,
		0,0,0,0,1,1,1,1,
		0,0,0,0,1,1,1,1,
		0,0,0,1,1,1,1,1,
		0,0,1,1,1,1,0,1,
		0,0,1,1,1,1,0,1,
		0,1,1,1,1,1,1,1,
		1,1,1,1,1,0,0,0
};

uint16_t title8[] = {
		1,0,0,0,0,0,0,0,
		1,1,0,0,0,0,0,0,
		1,1,0,0,0,0,0,0,
		1,1,1,0,0,0,0,0,
		1,1,1,0,0,0,0,0,
		1,1,1,1,0,0,0,0,
		1,1,1,1,0,0,0,0,
		1,1,1,1,1,0,0,0,
};


uint16_t title9[] = {
		1,1,1,1,1,1,1,1,
		1,1,1,1,1,1,1,1,
		1,1,1,0,0,0,0,1,
		1,1,1,0,0,0,0,1,
		1,1,1,1,1,1,1,1,
		1,1,1,1,1,1,1,1,
		1,1,1,1,0,0,1,1,
		1,1,1,1,0,0,0,1
};

uint16_t title10[] = {
		1,0,0,0,0,0,0,0,
		1,1,1,0,0,0,0,0,
		1,1,1,0,0,0,0,0,
		1,1,1,0,0,0,0,0,
		1,0,0,0,0,0,0,0,
		1,0,0,0,0,0,0,0,
		1,1,0,0,0,0,0,0,
		1,1,1,0,0,0,0,0,
};

uint16_t title11[] = {
		//empty
};
